NAME: atsp
TYPE: ATSP
DIMENSION: 17
EDGE_WEIGHT_TYPE: EXPLICIT
EDGE_WEIGHT_FORMAT: FULL_MATRIX
EDGE_WEIGHT_SECTION
0 33.68 21.73 15.87 22.63 27.58 23.74 9.03 11.03 24.77 20.23 5.29 29.33 17.32 12.98 23.94 1e+08
1e+08 0 12.19 20.99 34.52 12.23 16.26 26.66 31.73 18.27 19.44 28.42 29.85 26.02 32.05 43.34 0
1e+08 12.19 0 8.88 22.44 11.77 6.98 14.75 19.82 14.32 11.57 16.47 25.9 18.03 22.22 33.28 0
1e+08 20.99 8.88 0 13.56 18.38 13.58 7.34 12.41 20.92 18.14 11.58 32.5 23.69 19.35 30.41 0
1e+08 34.52 22.44 13.56 0 31.81 27.01 16.15 11.92 34.35 31.57 18.98 43.61 31.6 27.26 38.29 0
1e+08 12.23 11.77 18.38 31.81 0 5.07 21.46 26.53 6.09 7.72 22.95 17.67 14.3 20.33 31.62 0
1e+08 16.26 6.98 13.58 27.01 5.07 0 16.66 21.73 7.34 5.07 18.48 18.92 11.55 17.41 28.7 0
1e+08 26.66 14.75 7.34 16.15 21.46 16.66 0 5.07 24 20.09 5.07 29.19 17.18 12.84 23.9 0
1e+08 31.73 19.82 12.41 11.92 26.53 21.73 5.07 0 27.39 22.85 7.38 31.95 19.94 15.6 26.64 0
1e+08 18.27 14.32 20.92 34.35 6.09 7.34 24 27.39 0 5.28 20.14 11.58 11.07 17.48 28.77 0
1e+08 19.44 11.57 18.14 31.57 7.72 5.07 20.09 22.85 5.28 0 15.6 16 6.63 12.87 24.16 0
1e+08 28.42 16.47 11.58 18.98 22.95 18.48 5.07 7.38 20.14 15.6 0 24.7 12.69 8.35 19.31 0
1e+08 29.85 25.9 32.5 43.61 17.67 18.92 29.19 31.95 11.58 16 24.7 0 12.09 21.68 32.95 0
1e+08 26.02 18.03 23.69 31.6 14.3 11.55 17.18 19.94 11.07 6.63 12.69 12.09 0 9.67 20.94 0
1e+08 32.05 22.22 19.35 27.26 20.33 17.41 12.84 15.6 17.48 12.87 8.35 21.68 9.67 0 11.29 0
1e+08 43.34 33.28 30.41 38.29 31.62 28.7 23.9 26.64 28.77 24.16 19.31 32.95 20.94 11.29 0 0
 0 1e+08 1e+08 1e+08 1e+08 1e+08 1e+08 1e+08 1e+08 1e+08 1e+08 1e+08 1e+08 1e+08 1e+08 1e+08 1e+08 
EOF
